NE 1 5000 5000
STN 1
TRAV ON
BD 2 0.0 1 50
3 90 3 50
BEG BND
BEG BND
1
2
3
1
END
MAPCHK BND
DEL PTS 1
2
3
NE 1 500 500
TRAV OFF
STN 1
BD 2 87 2 180.57
STN 1
BS 2
AD 3 338.38 77
4 315.03 38.9
5 291.31 42.3
6 286.33 53.9
7 7.0234 15.75
8 281.55 89.9
9 280.06 103.7
11 268.3450 207.77
12 268.3450 162.60
STN 11
BS 1
AD 10 269.5333 18.32
13 264.57 31.6
14 269.24 152.4
STN 12
BS 1
AD 15 272.5430 81.85
STN 15
BS 12
AD 16 152.0516 111.86
BEG BND
10
16
2
7
10
END
MAPCHK BND
STN 15
BS 12
AD 17 220.43 141.9 BC
18 243.47 84.7
19 258.01 77
20 219.46 68.1
21 188.05 53.7
22 187.08 62.2
23 200.01 18.7
24 144.30 38
25 22.43 49.4
26 39.24 60.9
27 45.28 62.9
28 328.13 69.2
29 306.23 43.7
STN 2
BS 1
AD 30 47.09 55.2
31 93.41 41
